Item    mean    RMS PV  min max
Diff_FISE_ENEA_outer#99_z	nan	nan	-2e+06	1e+06	-1e+06
Diff_FISE_ENEA_outer#99_devZ	nan	nan	-2e+06	1e+06	-1e+06
Diff_FISE_ENEA_inner#60_devZ	nan	nan	-2e+06	1e+06	-1e+06
Diff_ENEA_FISE_inner#60_Dy	nan	nan	-2e+06	1e+06	-1e+06
Diff_ENEA_FISE_inner#60_Dy	0.000424917	0.000808655	0.00609574	-0.00345577	0.00263998
Diff_ENEA_FISE_inner#60_Dy	0.000424917	0.000808655	0.00609574	-0.00345577	0.00263998
Diff_ENEA_DLR_inner#60_Dy	0.000213432	0.000536416	0.00391214	-0.00117334	0.0027388
Diff_ENEA_FISE_inner#60_Dy	0.000424917	0.000808655	0.00609574	-0.00345577	0.00263998
Diff_ENEA_DLR_inner#60_Dy	0.000213432	0.000536416	0.00391214	-0.00117334	0.0027388
Diff_ENEA_DLR_inner#60_z	0.222626	0.144177	1.37231	-0.312175	1.06013
Diff_ENEA_DLR_inner#60_z	0.222626	0.144177	1.37231	-0.312175	1.06013
Diff_ENEA_DLR_inner#60_devZ	0.0470834	0.327043	2.08198	-0.872597	1.20938
Diff_ENEA_NREL_inner#60_z	nan	nan	-2e+06	1e+06	-1e+06
Diff_ENEA_DLR_inner#60_z	0.222626	0.144177	1.37231	-0.312175	1.06013
Diff_ENEA_DLR_inner#60_z	0.222626	0.144177	1.37231	-0.312175	1.06013
Diff_ENEA_DLR_inner#60_z	0.222626	0.144177	1.37231	-0.312175	1.06013
Diff_ENEA_DLR_inner#60_z	0.222626	0.144177	1.37231	-0.312175	1.06013
Diff_DLR_ENEA_inner#60_z	-0.222626	0.144177	1.37231	-1.06013	0.312175
Diff_SANDIA_ENEA_inner#60_z	-0.0585318	0.358092	2.01722	-1.24892	0.7683
Diff_SANDIA_ENEA_inner#60_z	-0.0585318	0.358092	2.01722	-1.24892	0.7683
Diff_SANDIA_ENEA_inner#60_devZ	0.0863077	0.400371	2.37659	-1.15844	1.21815
Diff_SANDIA_ENEA_inner#60_z	-0.0585318	0.358092	2.01722	-1.24892	0.7683
Diff_SANDIA_ENEA_inner#60_devZ	0.0863077	0.400371	2.37659	-1.15844	1.21815
Diff_SANDIA_ENEA_inner#60_devZ	0.14507	0.34458	1.99344	-1.06627	0.927175
Diff_SANDIA_ENEA_inner#60_z	0.000230796	0.423978	2.20917	-1.24219	0.966974
Diff_SANDIA_ENEA_inner#60_z	0.146486	0.357322	1.99359	-1.02999	0.963597
Diff_SANDIA_ENEA_inner#60_z	0.146486	0.357322	1.99359	-1.02999	0.963597
Diff_SANDIA_ENEA_inner#60_devZ	0.291325	0.344848	2.02131	-0.93908	1.08223
Diff_SANDIA_ENEA_inner#60_devZ	0.14507	0.34458	1.99344	-1.06627	0.927175
Diff_SANDIA_ENEA_inner#60_z	0.000230796	0.423978	2.20917	-1.24219	0.966974
Diff_SANDIA_ENEA_inner#60_z	-0.0585318	0.362844	2.01722	-1.24892	0.7683
Diff_FISE_ENEA_inner#60_z	-0.102908	0.373124	1.8629	-1.16399	0.698905
Diff_DLR_ENEA_inner#60_z	-0.222626	0.265234	1.37231	-1.06013	0.312175
Diff_SANDIA_ENEA_inner#60_z	-0.0585318	0.362844	2.01722	-1.24892	0.7683
Diff_FISE_ENEA_inner#60_z	-0.102908	0.373124	1.8629	-1.16399	0.698905
Diff_FISE_ENEA_inner#60_Dy	-2.9385e-05	0.00073869	0.00569828	-0.00219123	0.00350706
Diff_FISE_ENEA_inner#60_devDy	-0.000424943	0.000910297	0.00598293	-0.00256264	0.00342029
Diff_DLR_ENEA_inner#60_Dy	-0.000115156	0.0005471	0.003942	-0.00257605	0.00136595
Diff_DLR_ENEA_inner#60_devDy	-0.000213432	0.000577318	0.00391214	-0.0027388	0.00117334
Diff_DLR_ENEA_inner#60_Dy	-0.000115156	0.0005471	0.003942	-0.00257605	0.00136595
Diff_DLR_ENEA_inner#60_devDy	-0.000213432	0.000577318	0.00391214	-0.0027388	0.00117334
Diff_SANDIA_ENEA_inner#60_devDy	0.000391873	0.000862637	0.00375257	-0.0012975	0.00245507
Diff_SANDIA_ENEA_inner#60_Dy	0.000406368	0.000852522	0.0037016	-0.00127125	0.00243035
Diff_SANDIA_ENEA_inner#60_devDx	0.000577993	0.000936808	0.00577549	-0.00235645	0.00341904
Diff_SANDIA_ENEA_inner#60_Dx	-7.0926e-05	0.00072934	0.00594958	-0.00325438	0.0026952
Diff_DLR_ENEA_inner#60_devDx	0.000701835	0.000985852	0.00595284	-0.00210406	0.00384878
Diff_DLR_ENEA_inner#60_Dx	0.242921	0.242924	0.00726065	0.239475	0.246735
Diff_FISE_ENEA_inner#60_devDx	-0.000112592	0.00115418	0.0072809	-0.00412681	0.00315409
Diff_FISE_ENEA_inner#60_Dx	5.53927e-05	0.000869751	0.00690116	-0.00408574	0.00281542
Diff_FISE_ENEA_inner#60_z	0.0589149	0.208668	0.982012	-0.597699	0.384314
Diff_FISE_ENEA_inner#60_devZ	-0.0955454	0.359225	1.86673	-1.22512	0.641616
Diff_DLR_ENEA_inner#60_devZ	-0.0470834	0.330415	2.08198	-1.20938	0.872597
Diff_DLR_ENEA_inner#60_z	-0.0341628	0.0910366	1.05237	-0.743941	0.308431
Diff_SANDIA_ENEA_inner#60_z	0.146486	0.386183	1.99359	-1.02999	0.963597
Diff_SANDIA_ENEA_inner#60_devZ	0.0863077	0.409568	2.37659	-1.15844	1.21815
Diff_SANDIA_ENEA_inner#60_z	-0.0585318	0.362844	2.01722	-1.24892	0.7683
Diff_SANDIA_ENEA_inner#60_devZ	0.0863077	0.409568	2.37659	-1.15844	1.21815
Diff_Mean_ENEA_inner#60_z	-0.0963738	0.175193	0.932687	-0.604178	0.328509
Diff_Mean_ENEA_inner#60_z	-0.0963738	0.175193	0.932687	-0.604178	0.328509
Diff_Mean_FISE_inner#61_z	-0.120441	0.335151	2.00978	-0.808833	1.20095
Diff_Mean_DLR_inner#61_z	0.147221	0.457428	3.61499	-0.799218	2.81577
Diff_Mean_SANDIA_inner#61_z	0.00289041	0.298786	3.15394	-2.14284	1.01109
Diff_Mean_DLR_inner#61_z	0.147221	0.457428	3.61499	-0.799218	2.81577
Diff_Mean_FISE_inner#61_z	-0.120441	0.335151	2.00978	-0.808833	1.20095
Diff_Mean_ENEA_inner#61_z	-0.0401749	0.271264	1.54943	-0.867538	0.681887
Diff_Ideal_ENEA_inner#60_z	0.0739513	0.471709	3.21295	-1.08335	2.12959
Diff_Ideal_ENEA_inner#60_z	0.0739513	0.471709	3.21295	-1.08335	2.12959
Diff_Ideal_ENEA_inner#60_z	0.0739513	0.471709	3.21295	-1.08335	2.12959
Diff_ENEA_Ideal_inner#60_z	-0.0739513	0.471709	3.21295	-2.12959	1.08335
Diff_ENEA_Ideal_inner#60_z	-0.0739513	0.471709	3.21295	-2.12959	1.08335
Diff_ENEA_Ideal_inner#60_z	-0.0739513	0.471709	3.21295	-2.12959	1.08335
Diff_ENEA_Ideal_inner#60_z	-0.0739513	0.471709	3.21295	-2.12959	1.08335
Diff_ENEA_Mean_outer#99_z	0.0456994	0.534101	2.56744	-1.08923	1.47821
Diff_ENEA_Ideal_outer#99_z	0.00853502	0.353774	2.18975	-0.824139	1.36561
Diff_FISE_Ideal_outer#99_z	0.00972122	0.283506	2.05276	-0.806687	1.24607
Diff_FISE_Ideal_outer#99_z	0.0298939	0.42428	1.73537	-0.840827	0.894545
Diff_DLR_Ideal_outer#99_z	-0.0963468	0.543476	3.08714	-1.38358	1.70357
Diff_DLR_Ideal_outer#99_z	-0.0416995	0.475736	2.69266	-1.11209	1.58057
Diff_SANDIA_Ideal_outer#99_z	-0.0159776	0.120739	0.655749	-0.435202	0.220546
Diff_Mean_Ideal_outer#99_z	-0.0158557	0.354012	3.64873	-1.46552	2.18322
Diff_SANDIA_Ideal_outer#99_z	-0.0453562	0.139215	0.705827	-0.484082	0.221745
Diff_SANDIA_Ideal_outer#99_z	-0.0159776	0.120739	0.655749	-0.435202	0.220546
Diff_ENEA_Ideal_inner#60_z	-0.0407013	0.507618	3.73023	-2.70353	1.02669
Diff_ENEA_Ideal_inner#60_z	-0.0739513	0.471709	3.21295	-2.12959	1.08335
Diff_ENEA_Ideal_inner#60_z	-0.0407013	0.507618	3.73023	-2.70353	1.02669
Diff_FISE_Ideal_inner#60_z	0.0518337	0.599076	3.37906	-2.42422	0.954846
Diff_DLR_Ideal_inner#60_z	-0.0861452	0.507217	3.45031	-2.44984	1.00047
Diff_SANDIA_Ideal_inner#60_z	0.0876013	0.580167	3.44431	-2.39512	1.04919
Diff_DLR_Ideal_inner#60_z	-0.0861452	0.507217	3.45031	-2.44984	1.00047
Diff_FISE_Ideal_inner#60_z	0.0518337	0.599076	3.37906	-2.42422	0.954846
Diff_ENEA_Ideal_inner#60_z	-0.0407013	0.507618	3.73023	-2.70353	1.02669
Diff_ENEA_Ideal_inner#60_z	-0.0407013	0.507618	3.73023	-2.70353	1.02669
Diff_ENEA_Ideal_inner#60_z	-0.0407013	0.507618	3.73023	-2.70353	1.02669
Diff_FISE_Ideal_inner#60_z	0.0518337	0.599076	3.37906	-2.42422	0.954846
Diff_FISE_Ideal_inner#60_z	0.0518337	0.599076	3.37906	-2.42422	0.954846
Diff_DLR_Ideal_inner#60_z	-0.0861452	0.507217	3.45031	-2.44984	1.00047
Diff_SANDIA_Ideal_inner#60_z	0.0876013	0.580167	3.44431	-2.39512	1.04919
Diff_SANDIA_Ideal_inner#60_z	0.0876013	0.580167	3.44431	-2.39512	1.04919
Diff_ENEA_Ideal_inner#60_z	-0.0407013	0.507618	3.73023	-2.70353	1.02669
Diff_FISE_Ideal_inner#60_z	0.0518337	0.599076	3.37906	-2.42422	0.954846
Diff_DLR_Ideal_inner#60_z	-0.0861452	0.507217	3.45031	-2.44984	1.00047
Diff_ENEA_Mean_inner#60_z	-0.0414643	0.123873	0.819358	-0.375386	0.443971
Diff_FISE_Mean_inner#60_z	0.0145141	0.128237	0.632823	-0.377742	0.255081
Diff_DLR_Mean_inner#60_z	-0.0751191	0.179598	0.844713	-0.469345	0.375368
Diff_SANDIA_Mean_inner#60_z	0.102308	0.268731	1.44313	-0.741144	0.701986
Diff_SANDIA_Mean_inner#60_z	0.102308	0.268731	1.44313	-0.741144	0.701986
Diff_SANDIA_Mean_inner#60_z	0.102308	0.268731	1.44313	-0.741144	0.701986
Diff_ENEA_Mean_inner#60_z	-0.0414643	0.123873	0.819358	-0.375386	0.443971
Diff_FISE_Mean_inner#60_z	0.0145141	0.128237	0.632823	-0.377742	0.255081
Diff_DLR_Mean_inner#60_z	-0.0751191	0.179598	0.844713	-0.469345	0.375368
Diff_ENEA_Mean_inner#60_z	-0.0414643	0.123873	0.819358	-0.375386	0.443971
Diff_ENEA_Mean_inner#60_z	-0.0414643	0.123873	0.819358	-0.375386	0.443971
Diff_FISE_Mean_inner#60_z	0.0145141	0.128237	0.632823	-0.377742	0.255081
Diff_SANDIA_Mean_inner#60_z	0.102308	0.268731	1.44313	-0.741144	0.701986
Diff_ENEA_Mean_inner#60_z	-0.0414643	0.123873	0.819358	-0.375386	0.443971
Diff_FISE_Mean_inner#60_z	0.0145141	0.128237	0.632823	-0.377742	0.255081
Diff_DLR_Mean_inner#60_z	-0.0751191	0.179598	0.844713	-0.469345	0.375368
Diff_SANDIA_Mean_inner#60_z	0.102308	0.268731	1.44313	-0.741144	0.701986
Diff_ENEA_Ideal_inner#61_z	-0.0223029	0.515001	3.73466	-2.75166	0.983007
Diff_ENEA_Ideal_inner#61_z	-0.0223029	0.515001	3.73466	-2.75166	0.983007
Diff_ENEA_Mean_inner#61_z	-0.0526829	0.180281	1.04541	-0.351642	0.693765
Diff_FISE_Mean_inner#61_z	0.0202801	0.200938	1.19976	-0.601018	0.598739
Diff_DLR_Mean_inner#61_z	-0.0523598	0.382517	3.539	-2.38715	1.15185
Diff_SANDIA_Mean_inner#61_z	0.0849527	0.264844	2.68496	-0.816452	1.86851
Diff_ENEA_Mean_inner#62_z	-0.0230345	0.110414	0.716506	-0.36619	0.350316
Diff_FISE_Mean_inner#62_z	-0.0310254	0.106593	0.67095	-0.400465	0.270485
Diff_DLR_Mean_inner#62_z	-0.0666472	0.167989	0.765441	-0.365388	0.400053
Diff_SANDIA_Mean_inner#62_z	0.117098	0.268218	1.19948	-0.549932	0.649552
Diff_ENEA_Mean_outer#93_z	0.0357047	0.0929169	0.679785	-0.259764	0.420021
Diff_FISE_Mean_outer#93_z	0.0238089	0.0969658	0.547225	-0.326236	0.220989
Diff_DLR_Mean_outer#93_z	-0.021393	0.190546	1.6077	-0.64158	0.966116
Diff_SANDIA_Mean_outer#93_z	-0.0363788	0.284074	1.78345	-1.14997	0.633482
Diff_ENEA_Mean_outer#97_z	0.0153457	0.101801	0.68849	-0.247566	0.440924
Diff_FISE_Mean_outer#97_z	0.0233394	0.0989523	0.583894	-0.341806	0.242089
Diff_DLR_Mean_outer#97_z	-0.0291331	0.178257	0.986121	-0.469515	0.516606
Diff_SANDIA_Mean_outer#97_z	-0.00804459	0.249973	1.66174	-0.972264	0.689472
Diff_ENEA_Mean_outer#99_z	0.0155132	0.102119	0.850694	-0.248976	0.601718
Diff_FISE_Mean_outer#99_z	0.0284567	0.103632	0.572849	-0.288833	0.284016
Diff_DLR_Mean_outer#99_z	-0.0386633	0.200554	1.34615	-0.665586	0.680569
Diff_SANDIA_Mean_outer#99_z	-0.0024824	0.274318	1.7531	-1.17754	0.575557
Diff_ENEA_Mean_inner#60_Dy	-6.40999e-05	0.000238161	0.00211829	-0.00104788	0.00107041
Diff_FISE_Mean_inner#60_Dy	-0.000102816	0.000738448	0.00472415	-0.00192355	0.0028006
Diff_DLR_Mean_inner#60_Dy	-0.000179121	0.00053454	0.00344667	-0.0022454	0.00120127
Diff_SANDIA_Mean_inner#60_Dy	0.000337675	0.000671866	0.00265579	-0.000866862	0.00178893
Diff_ENEA_Mean_inner#61_Dy	9.30879e-05	0.000235883	0.00292855	-0.0014186	0.00150994
Diff_FISE_Mean_inner#61_Dy	9.41655e-05	0.000723253	0.00457376	-0.00177426	0.0027995
Diff_DLR_Mean_inner#61_Dy	5.56948e-05	0.00047907	0.00317531	-0.00206329	0.00111201
Diff_SANDIA_Mean_inner#61_Dy	-0.000233786	0.000585372	0.00334492	-0.00172639	0.00161852
Diff_ENEA_Mean_inner#62_Dy	-3.17038e-05	0.000242201	0.00199281	-0.000950218	0.00104259
Diff_ENEA_Mean_inner#62_Dy	-3.17038e-05	0.000242201	0.00199281	-0.000950218	0.00104259
Diff_FISE_Mean_inner#62_Dy	-0.000170899	0.000940711	0.00570344	-0.00221997	0.00348347
Diff_DLR_Mean_inner#62_Dy	-0.000138953	0.000497479	0.00328106	-0.00213158	0.00114948
Diff_SANDIA_Mean_inner#62_Dy	0.000323746	0.000829502	0.00356541	-0.00132908	0.00223633
Diff_ENEA_Mean_outer#93_Dy	-0.000223894	0.000307453	0.00302737	-0.00121056	0.00181681
Diff_FISE_Mean_outer#93_Dy	-0.000200019	0.000530992	0.00291708	-0.00146144	0.00145563
Diff_DLR_Mean_outer#93_Dy	-0.00040689	0.000652962	0.00412255	-0.00291199	0.00121056
Diff_SANDIA_Mean_outer#93_Dy	0.000824365	0.000887726	0.00206678	-0.000166555	0.00190022
Diff_DLR_Mean_outer#93_Dy	-0.00040689	0.000652962	0.00412255	-0.00291199	0.00121056
Diff_ENEA_Mean_outer#97_Dy	0.000628761	0.000684251	0.00343333	-0.00104106	0.00239227
Diff_FISE_Mean_outer#97_Dy	0.000658618	0.000845968	0.00389555	-0.000602062	0.00329349
Diff_DLR_Mean_outer#97_Dy	0.000508112	0.000752491	0.00413088	-0.00204092	0.00208996
Diff_SANDIA_Mean_outer#97_Dy	-0.00178055	0.00188659	0.00415025	-0.00439926	-0.000249007
Diff_ENEA_Mean_outer#99_Dy	-0.000664979	0.000704174	0.0035744	-0.00213107	0.00144333
Diff_FISE_Mean_outer#99_Dy	-0.000746658	0.00101144	0.00310144	-0.00216582	0.000935617
Diff_DLR_Mean_outer#99_Dy	-0.000819397	0.00102149	0.00522023	-0.00428773	0.000932502
Diff_SANDIA_Mean_outer#99_Dy	0.00215954	0.00227141	0.00443142	0	0.00443142
Diff_ENEA_Mean_inner#60_z	-0.0414643	0.123873	0.819358	-0.375386	0.443971
Diff_FISE_Mean_inner#60_z	0.0145141	0.128237	0.632823	-0.377742	0.255081
Diff_DLR_Mean_inner#60_z	-0.0751191	0.179598	0.844713	-0.469345	0.375368
Diff_SANDIA_Mean_inner#60_z	0.102308	0.268731	1.44313	-0.741144	0.701986
Diff_ENEA_Mean_inner#60_Dy	-6.40999e-05	0.000238161	0.00211829	-0.00104788	0.00107041
Diff_ENEA_Mean_inner#60_Dy	-6.40999e-05	0.000238161	0.00211829	-0.00104788	0.00107041
Diff_ENEA_Mean_inner#60_Dy	-6.40999e-05	0.000238161	0.00211829	-0.00104788	0.00107041
Diff_FISE_Mean_inner#60_Dy	-0.000102816	0.000738448	0.00472415	-0.00192355	0.0028006
Diff_DLR_Mean_inner#60_Dy	-0.000179121	0.00053454	0.00344667	-0.0022454	0.00120127
Diff_SANDIA_Mean_inner#60_Dy	0.000337675	0.000671866	0.00265579	-0.000866862	0.00178893
Diff_ENEA_Mean_inner#60_Dy	-6.40999e-05	0.000238161	0.00211829	-0.00104788	0.00107041
Diff_ENEA_Mean_inner#60_Dy	-6.40999e-05	0.000238161	0.00211829	-0.00104788	0.00107041
Diff_ENEA_Mean_inner#60_Dy	-6.40999e-05	0.000238161	0.00211829	-0.00104788	0.00107041
Diff_FISE_Mean_inner#60_Dy	-0.000102816	0.000738448	0.00472415	-0.00192355	0.0028006
Diff_DLR_Mean_inner#60_Dy	-0.000179121	0.00053454	0.00344667	-0.0022454	0.00120127
Diff_SANDIA_Mean_inner#60_Dy	0.000337675	0.000671866	0.00265579	-0.000866862	0.00178893
Diff_ENEA_Mean_outer#99_z	0.0155132	0.102119	0.850694	-0.248976	0.601718
Diff_FISE_Mean_outer#99_z	0.0284567	0.103632	0.572849	-0.288833	0.284016
Diff_DLR_Mean_outer#99_z	-0.0386633	0.200554	1.34615	-0.665586	0.680569
Diff_SANDIA_Mean_outer#99_z	-0.0024824	0.274318	1.7531	-1.17754	0.575557
Diff_SANDIA_Mean_outer#99_z	-0.0024824	0.274318	1.7531	-1.17754	0.575557
Diff_DLR_Mean_outer#99_z	-0.0386633	0.200554	1.34615	-0.665586	0.680569
Diff_FISE_Mean_outer#99_z	0.0284567	0.103632	0.572849	-0.288833	0.284016
Diff_ENEA_Mean_outer#99_z	0.0155132	0.102119	0.850694	-0.248976	0.601718
Diff_SANDIA_Mean_outer#99_z	-0.0024824	0.274318	1.7531	-1.17754	0.575557
Diff_SANDIA_Mean_outer#99_z	-0.0024824	0.274318	1.7531	-1.17754	0.575557
Diff_ENEA_Mean_outer#99_Dy	-0.000664979	0.000704174	0.0035744	-0.00213107	0.00144333
Diff_FISE_Mean_outer#99_Dy	-0.000746658	0.00101144	0.00310144	-0.00216582	0.000935617
Diff_DLR_Mean_outer#99_Dy	-0.000819397	0.00102149	0.00522023	-0.00428773	0.000932502
Diff_SANDIA_Mean_outer#99_Dy	0.00215954	0.00227141	0.00443142	0	0.00443142
Diff_SANDIA_Mean_outer#99_Dy	0.00215954	0.00227141	0.00443142	0	0.00443142
Diff_DLR_Mean_outer#99_Dy	-0.000819397	0.00102149	0.00522023	-0.00428773	0.000932502
Diff_FISE_Mean_outer#99_Dy	-0.000746658	0.00101144	0.00310144	-0.00216582	0.000935617
Diff_ENEA_Mean_outer#99_Dy	-0.000664979	0.000704174	0.0035744	-0.00213107	0.00144333
Diff_ENEA_Ideal_inner#60_devDy	0.000225028	0.0027558	0.032632	-0.0160039	0.0166281
Diff_ENEA_Ideal_outer#93_devDy	-0.000287731	0.00213343	0.0193385	-0.00964039	0.00969815
Diff_FISE_Ideal_outer#93_devDy	-0.000332413	0.00168766	0.0130249	-0.00774382	0.00528108
Diff_FISE_Ideal_inner#60_devDy	-4.16069e-05	0.00212184	0.0262163	-0.0148351	0.0113811
Diff_DLR_Ideal_inner#60_devDy	0.000128147	0.00287999	0.0350639	-0.019489	0.0155748
Diff_ENEA_Ideal_inner#60_z	-0.0407013	0.507618	3.73023	-2.70353	1.02669
Diff_ENEA_Ideal_outer#93_z	0.0597904	0.384528	2.12318	-0.927879	1.1953
Diff_FISE_Ideal_outer#93_z	0.0422277	0.360504	2.03859	-0.927747	1.11084
Diff_FISE_Ideal_inner#60_z	0.0518337	0.599076	3.37906	-2.42422	0.954846
Diff_DLR_Ideal_inner#60_z	-0.0861452	0.507217	3.45031	-2.44984	1.00047
Diff_DLR_Ideal_inner#60_z	-0.0861452	0.507217	3.45031	-2.44984	1.00047
Diff_DLR_Ideal_outer#93_z	0.00359513	0.47162	2.73958	-1.05395	1.68563
Diff_SANDIA_Ideal_outer#93_z	-0.0184183	0.10894	0.598492	-0.401583	0.196909
Diff_Mean_Ideal_inner#60_z	-0.0184153	0.540716	3.30456	-2.55414	0.750417
Diff_SANDIA_Ideal_inner#60_z	0.0876013	0.580167	3.44431	-2.39512	1.04919
Diff_SANDIA_Mean_inner#60_Dy	0.000337675	0.000671866	0.00265579	-0.000866862	0.00178893
Diff_FISE_Mean_inner#60_Dy	-0.000365627	0.000873968	0.00512553	-0.0022798	0.00284573
Diff_FISE_Mean_inner#60_Dy	-0.000365627	0.000873968	0.00512553	-0.0022798	0.00284573
Diff_SANDIA_Mean_inner#60_Dy	0.000441858	0.000755777	0.00275559	-0.000878567	0.00187702
Diff_SANDIA_Mean_inner#60_z	0.038844	0.247051	1.35377	-0.719236	0.63453
Diff_SANDIA_Mean_inner#60_Dy	0.000441858	0.000755777	0.00275559	-0.000878567	0.00187702
Diff_SANDIA_Mean_inner#60_z	0.038844	0.247051	1.35377	-0.719236	0.63453
Diff_SANDIA_Mean_inner#60_z	0.038844	0.247051	1.35377	-0.719236	0.63453
Diff_SANDIA_Mean_inner#60_Dy	0.000441858	0.000755777	0.00275559	-0.000878567	0.00187702
Diff_SANDIA_Mean_inner#60_Dy	0.000441858	0.000755777	0.00275559	-0.000878567	0.00187702
Diff_SANDIA_Mean_inner#60_Dy	0.000337675	0.000671866	0.00265579	-0.000866862	0.00178893
Diff_SANDIA_Mean_inner#60_devDy	0.00033769	0.000672838	0.00265998	-0.000870856	0.00178912
Diff_SANDIA_Ideal_inner#60_devDy	0.000537222	0.00258508	0.0311545	-0.0162706	0.0148839
Diff_SANDIA_Ideal_inner#60_devDy	0.000580655	0.00259353	0.0311891	-0.0161409	0.0150482
Diff_SANDIA_Ideal_inner#60_devDy	0.000537222	0.00258508	0.0311545	-0.0162706	0.0148839
Diff_SANDIA_Ideal_inner#60_devDy	0.000580655	0.00259353	0.0311891	-0.0161409	0.0150482
Diff_SANDIA_Ideal_inner#60_devDy	0.000537222	0.00258508	0.0311545	-0.0162706	0.0148839
Diff_SANDIA_Ideal_inner#60_devDy	0.000580655	0.00259353	0.0311891	-0.0161409	0.0150482
Diff_SANDIA_Mean_inner#60_devDy	0.000441873	0.000756636	0.00276987	-0.00087456	0.00189531
Diff_SANDIA_Mean_inner#60_Dy	0.000441858	0.000755777	0.00275559	-0.000878567	0.00187702
Diff_SANDIA_Mean_inner#60_Dy	0.000337675	0.000671866	0.00265579	-0.000866862	0.00178893
Diff_SANDIA_Mean_inner#60_Dy	0.000441858	0.000755777	0.00275559	-0.000878567	0.00187702
Diff_SANDIA_Mean_outer#99_Dy	0.00227268	0.00237934	0.00454197	0	0.00454197
Diff_SANDIA_Mean_outer#99_Dy	0.00215954	0.00227141	0.00443142	0	0.00443142
Diff_SANDIA_Mean_outer#99_Dy	0.00215954	0.00227141	0.00443142	0	0.00443142
Diff_SANDIA_Mean_outer#99_Dy	0.00215954	0.00227141	0.00443142	0	0.00443142
Diff_SANDIA_Mean_outer#99_Dy	0.00227268	0.00237934	0.00454197	0	0.00454197
Diff_SANDIA_Mean_outer#99_Dy	0.00227268	0.00237934	0.00454197	0	0.00454197
Diff_SANDIA_Mean_outer#99_Dy	0.00227268	0.00237934	0.00454197	0	0.00454197
Diff_SANDIA_Mean_outer#99_Dy	0.00215954	0.00227141	0.00443142	0	0.00443142
Diff_SANDIA_Mean_outer#99_Dy	0.00227268	0.00237934	0.00454197	0	0.00454197
Diff_SANDIA_Mean_outer#99_z	-0.0146052	0.227729	1.55039	-0.847921	0.702472
Diff_DLR_Mean_outer#99_z	-0.0347974	0.168972	1.12283	-0.608324	0.514504
Diff_ENEA_Mean_inner#60_z	-0.0422121	0.123362	1.04656	-0.632733	0.413823
Diff_FISE_Mean_inner#60_z	0.0207236	0.162885	0.876357	-0.599453	0.276905
Diff_DLR_Mean_inner#60_z	-0.0762582	0.164598	1.13062	-0.694451	0.436174
Diff_SANDIA_Mean_inner#60_z	0.0990267	0.282083	1.74812	-0.764625	0.9835
Diff_SANDIA_Mean_inner#60_z	0.0339802	0.246096	1.6125	-0.660945	0.951551
Diff_ENEA_Mean_inner#60_z	0.0958956	0.17776	1.01572	-0.436876	0.578849
Diff_FISE_Mean_inner#60_z	-0.00352322	0.265685	1.44705	-0.905838	0.541208
Diff_ENEA_Mean_inner#60_Dy	0.000104799	0.000226903	0.00270226	-0.00103162	0.00167065
Diff_ENEA_Mean_inner#60_Dy	0.000104799	0.000226903	0.00270226	-0.00103162	0.00167065
Diff_FISE_Mean_inner#60_Dy	7.62131e-05	0.00066314	0.00412019	-0.00157129	0.0025489
Diff_DLR_Mean_inner#60_Dy	-1.11511e-05	0.000523997	0.00339913	-0.00227459	0.00112453
Diff_SANDIA_Mean_inner#60_Dy	-0.000162585	0.00033463	0.00268238	-0.00145495	0.00122743
Diff_ENEA_Mean_inner#60_Dy	0.000104799	0.000226903	0.00270226	-0.00103162	0.00167065
Diff_ENEA_Mean_inner#60_Dy	0.000104799	0.000226903	0.00270226	-0.00103162	0.00167065
Diff_FISE_Mean_inner#60_Dy	7.62131e-05	0.00066314	0.00412019	-0.00157129	0.0025489
Diff_DLR_Mean_inner#60_Dy	-1.11511e-05	0.000523997	0.00339913	-0.00227459	0.00112453
Diff_SANDIA_Mean_inner#60_Dy	-0.000162585	0.00033463	0.00268238	-0.00145495	0.00122743
Diff_SANDIA_Mean_outer#99_Dy	-2.11401e-05	0.000290048	0.00236269	-0.00127507	0.00108761
Diff_ENEA_Mean_inner#60_z	0.0958956	0.17776	1.01572	-0.436876	0.578849
Diff_ENEA_Mean_inner#60_z	-0.0422121	0.123362	1.04656	-0.632733	0.413823
Diff_FISE_Mean_inner#60_z	0.0207236	0.162885	0.876357	-0.599453	0.276905
Diff_FISE_Mean_inner#60_z	-0.00352322	0.265685	1.44705	-0.905838	0.541208
Diff_DLR_Mean_inner#60_z	-0.123373	0.225873	1.18453	-0.70109	0.483439
Diff_DLR_Mean_inner#60_z	-0.0762582	0.164598	1.13062	-0.694451	0.436174
Diff_SANDIA_Mean_inner#60_z	0.0990267	0.282083	1.74812	-0.764625	0.9835
Diff_SANDIA_Mean_inner#60_z	0.0339802	0.246096	1.6125	-0.660945	0.951551
Diff_SANDIA_Mean_inner#60_z	0.0990267	0.282083	1.74812	-0.764625	0.9835
Diff_DLR_Mean_inner#60_z	-0.0762582	0.164598	1.13062	-0.694451	0.436174
Diff_DLR_Mean_inner#60_z	-0.123373	0.225873	1.18453	-0.70109	0.483439
Diff_SANDIA_Mean_inner#60_Dy	-0.000142223	0.000378073	0.00281259	-0.00152945	0.00128313
Diff_SANDIA_Mean_inner#60_Dy	-0.000142223	0.000378073	0.00281259	-0.00152945	0.00128313
Diff_SANDIA_Mean_inner#60_Dy	-0.000162585	0.00033463	0.00268238	-0.00145495	0.00122743
Diff_SANDIA_Mean_inner#60_Dx	-0.0627531	0.0635111	0.124773	-0.124255	0.000517253
Diff_SANDIA_Mean_inner#60_z	0.0990267	0.282083	1.74812	-0.764625	0.9835
Diff_SANDIA_Mean_inner#60_Dx	-0.0627531	0.0635111	0.124773	-0.124255	0.000517253
Diff_SANDIA_Mean_inner#60_Dx	-0.0627531	0.0635111	0.124773	-0.124255	0.000517253
Diff_SANDIA_Mean_inner#60_Dx	-0.0624713	0.0632341	0.124817	-0.124285	0.000532
Diff_SANDIA_Mean_inner#60_Dy	-0.000142223	0.000378073	0.00281259	-0.00152945	0.00128313
Diff_SANDIA_Mean_inner#60_Dy	-0.000162585	0.00033463	0.00268238	-0.00145495	0.00122743
Diff_SANDIA_Mean_inner#60_z	0.0990267	0.282083	1.74812	-0.764625	0.9835
Diff_SANDIA_Mean_inner#60_z	0.0339802	0.246096	1.6125	-0.660945	0.951551
Diff_ENEA_NREL_inner#60_devDx	0.000216402	0.00202056	0.0224113	-0.00407654	0.0183348
